3015012733
2894345174
2967541015
2925489145
2619660952
2854920421
2849511871
2989511798
2842137749
2921590782
2934269060
2973849259
2895405986
2871045899
2876666527
2595136841
3003173864
2501718455
2905327911
2959436027
2558933448
1572373847
2698930782
2637442004
2454106045
2899115076
2813050830
2877628145
2856036399
2886996246
2977138569
2878375438
2633639653
2902149974
2550321794
2935278613
2381557019
2706384051
2556466049
2996034384
2587507018
815782148
2821179466
2962396874
2661626575
2848654497
2834589027
2780852938
2312309380
2378657515
2010286798
2886597152
2979380011
2129643967
2306412060
2907427026
2798330829
2820256631
2770880566
2082797822
2980194618
2534453850
2799594582
2495099927
2148701030
2962334898
1864156937
2665488334
2792586275
2899721801
1845308503
2807296424
2133838930
2850629455
2846285948
2582484861
2948622091
1656078410
2537937812
1957565453
2322432294
2981992666
2813956565
2965088578
1917398092
2940049542
3015478782
2477080407
1998638783
2217754806
2253008253
2888460318
2997147272
2565360097
2292463449
1449731878
741592270
2972392431
2834469793
1635596292
2013887191
2135576045
1975517683
1972711001
2299825726
2899306908